8.19565
6.78261
6.6087
8.43478
5.65217
9.17391
6.71739
7.71739
7.08696
6.69565
8.5
8.97826
8.45652
6.26087
7.95652
6.19565
8.63043
3.86957
8.80435
7.52174
7.63043
4.06522
2.28261
8.3913
7.69565
6.69565
8
8.1087
4.02174
9.06522
7.04348
6.26087
8.1087
7
6.13043
9.36957
4.78261
2.91304
7.54348
9.21739
8.19565
4.6087
7.63043
9.1087
5
5.17391
6.67391
8.67391
9.30435
8.32609
7.86957
6.19565
8.91304
8.30435
7.04348
6.58696
9.6087
9.30435
7.06522
8.41304
8.3913
8.47826
8.26087
8.15217
3.73913
5.17391
7.5
7.65217
8.56522
8.56522
4.58696
7.17391
0
2.8913
7.65217
5.91304
8.91304
0
8.6087
7.78261
7.69565
4.30435
5.78261
7.67391
7.47826
5.63043
6.67391
5.69565
7.69565
5.02174
8.23913
6.69565
8.36957
9.19565
8.8913
5.76087
8.82609
9.19565
8.13043
6.76087
7.26087
6.56522
0
7.76087
6.56522
6.28261
0.652174
7.26087
2.28261
7.54348
8.86957
7.86957
7.41304
8.06522
7.54348
8.19565
8.69565
9.34783
7.5
4.34783
