7.70833
7.8125
7.08333
7.27083
6.97917
8.58333
3.85417
7.3125
6.85417
5.5
7.54167
8.375
6.47917
4.97917
5.25
6.29167
8.54167
2.39583
8.66667
6.16667
7.08333
1.97917
3.79167
8.875
5.8125
7.60417
7.89583
8.14583
3.41667
8.75
4.5
5.8125
6.97917
6.60417
3.625
8.54167
4.875
2.66667
6.625
8.58333
6.41667
5.875
3.91667
8.08333
2.91667
3.5
2.9375
8.54167
8.45833
7.08333
7.6875
3.75
8.6875
6.29167
5.83333
4.875
8.33333
7.77083
7.29167
6.25
7.52083
7.8125
7.83333
7.58333
1.79167
5.77083
7.22917
7.35417
8.25
8.20833
3.45833
4.375
1.83333
2.04167
6.77083
4.58333
8.14583
1.75
8.1875
7.97917
6.14583
4.54167
6.77083
7.27083
8.75
3.58333
7.16667
3.83333
6.14583
4.70833
8.1875
4.70833
7.64583
8.08333
7.9375
5.95833
8.83333
9.1875
6.5625
6.0625
6
5.95833
7.89583
7.45833
7.25
4.79167
1.875
7.3125
1.77083
7.0625
6.70833
7.35417
5.875
7.41667
8.0625
6.8125
7.6875
8
4.625
2.77083
